bright:

apriltag:
mean: -0.27799632 -0.14637021  0.02279824  0.54797242 -0.77076786  0.04365578  -0.13796153
variance: 0.03256916 0.00477281 0.00407127 0.02762383 0.04387839 0.00778416 0.00541755

aruco:
mean: -0.57071432 -0.28758914 -0.08323372  0.54140617 -0.81291879  0.00251058  -0.19733432
variance: 0.00986594 0.00203839 0.00377341 0.00286199 0.00101703 0.00198661 0.00122964

        success failure
apriltag:  93      7
aruco:     67      33
